<!DOCTYPE html>
<html xmlns="http://www.w3.org/1999/xhtml" lang="en" xml:lang="en"><head>

<meta charset="utf-8">
<meta name="generator" content="quarto-1.4.553">

<meta name="viewport" content="width=device-width, initial-scale=1.0, user-scalable=yes">


<title>WhisperSpeech</title>
<style>
code{white-space: pre-wrap;}
span.smallcaps{font-variant: small-caps;}
div.columns{display: flex; gap: min(4vw, 1.5em);}
div.column{flex: auto; overflow-x: auto;}
div.hanging-indent{margin-left: 1.5em; text-indent: -1.5em;}
ul.task-list{list-style: none;}
ul.task-list li input[type="checkbox"] {
  width: 0.8em;
  margin: 0 0.8em 0.2em -1em; /* quarto-specific, see https://github.com/quarto-dev/quarto-cli/issues/4556 */ 
  vertical-align: middle;
}
/* CSS for syntax highlighting */
pre > code.sourceCode { white-space: pre; position: relative; }
pre > code.sourceCode > span { line-height: 1.25; }
pre > code.sourceCode > span:empty { height: 1.2em; }
.sourceCode { overflow: visible; }
code.sourceCode > span { color: inherit; text-decoration: inherit; }
div.sourceCode { margin: 1em 0; }
pre.sourceCode { margin: 0; }
@media screen {
div.sourceCode { overflow: auto; }
}
@media print {
pre > code.sourceCode { white-space: pre-wrap; }
pre > code.sourceCode > span { text-indent: -5em; padding-left: 5em; }
}
pre.numberSource code
  { counter-reset: source-line 0; }
pre.numberSource code > span
  { position: relative; left: -4em; counter-increment: source-line; }
pre.numberSource code > span > a:first-child::before
  { content: counter(source-line);
    position: relative; left: -1em; text-align: right; vertical-align: baseline;
    border: none; display: inline-block;
    -webkit-touch-callout: none; -webkit-user-select: none;
    -khtml-user-select: none; -moz-user-select: none;
    -ms-user-select: none; user-select: none;
    padding: 0 4px; width: 4em;
  }
pre.numberSource { margin-left: 3em;  padding-left: 4px; }
div.sourceCode
  {   }
@media screen {
pre > code.sourceCode > span > a:first-child::before { text-decoration: underline; }
}
</style>


<script src="site_libs/quarto-nav/quarto-nav.js"></script>
<script src="site_libs/quarto-nav/headroom.min.js"></script>
<script src="site_libs/clipboard/clipboard.min.js"></script>
<script src="site_libs/quarto-search/autocomplete.umd.js"></script>
<script src="site_libs/quarto-search/fuse.min.js"></script>
<script src="site_libs/quarto-search/quarto-search.js"></script>
<meta name="quarto:offset" content="./">
<script src="site_libs/quarto-html/quarto.js"></script>
<script src="site_libs/quarto-html/popper.min.js"></script>
<script src="site_libs/quarto-html/tippy.umd.min.js"></script>
<script src="site_libs/quarto-html/anchor.min.js"></script>
<link href="site_libs/quarto-html/tippy.css" rel="stylesheet">
<link href="site_libs/quarto-html/quarto-syntax-highlighting.css" rel="stylesheet" id="quarto-text-highlighting-styles">
<script src="site_libs/bootstrap/bootstrap.min.js"></script>
<link href="site_libs/bootstrap/bootstrap-icons.css" rel="stylesheet">
<link href="site_libs/bootstrap/bootstrap.min.css" rel="stylesheet" id="quarto-bootstrap" data-mode="light">
<script id="quarto-search-options" type="application/json">{
  "location": "navbar",
  "copy-button": false,
  "collapse-after": 3,
  "panel-placement": "end",
  "type": "overlay",
  "limit": 50,
  "keyboard-shortcut": [
    "f",
    "/",
    "s"
  ],
  "show-item-context": false,
  "language": {
    "search-no-results-text": "No results",
    "search-matching-documents-text": "matching documents",
    "search-copy-link-title": "Copy link to search",
    "search-hide-matches-text": "Hide additional matches",
    "search-more-match-text": "more match in this document",
    "search-more-matches-text": "more matches in this document",
    "search-clear-button-title": "Clear",
    "search-text-placeholder": "",
    "search-detached-cancel-button-title": "Cancel",
    "search-submit-button-title": "Submit",
    "search-label": "Search"
  }
}</script>


<link rel="stylesheet" href="styles.css">
<meta property="og:title" content="WhisperSpeech">
<meta property="og:description" content="An Open Source text-to-speech system built by inverting Whisper">
<meta property="og:site_name" content="WhisperSpeech">
<meta name="twitter:title" content="WhisperSpeech">
<meta name="twitter:description" content="An Open Source text-to-speech system built by inverting Whisper">
<meta name="twitter:card" content="summary">
</head>

<body class="nav-sidebar floating nav-fixed">

<div id="quarto-search-results"></div>
  <header id="quarto-header" class="headroom fixed-top">
    <nav class="navbar navbar-expand-lg " data-bs-theme="dark">
      <div class="navbar-container container-fluid">
      <div class="navbar-brand-container mx-auto">
    <a href="./index.html" class="navbar-brand navbar-brand-logo">
    <img src="./logo.svg" alt="" class="navbar-logo">
    </a>
    <a class="navbar-brand" href="./index.html">
    <span class="navbar-title">WhisperSpeech</span>
    </a>
  </div>
            <div id="quarto-search" class="" title="Search"></div>
          <button class="navbar-toggler" type="button" data-bs-toggle="collapse" data-bs-target="#navbarCollapse" aria-controls="navbarCollapse" aria-expanded="false" aria-label="Toggle navigation" onclick="if (window.quartoToggleHeadroom) { window.quartoToggleHeadroom(); }">
  <span class="navbar-toggler-icon"></span>
</button>
          <div class="collapse navbar-collapse" id="navbarCollapse">
            <ul class="navbar-nav navbar-nav-scroll ms-auto">
  <li class="nav-item compact">
    <a class="nav-link" href="https://github.com/collabora/WhisperSpeech"> <i class="bi bi-github" role="img">
</i> 
<span class="menu-text"></span></a>
  </li>  
</ul>
          </div> <!-- /navcollapse -->
          <div class="quarto-navbar-tools">
</div>
      </div> <!-- /container-fluid -->
    </nav>
  <nav class="quarto-secondary-nav">
    <div class="container-fluid d-flex">
      <button type="button" class="quarto-btn-toggle btn" data-bs-toggle="collapse" data-bs-target=".quarto-sidebar-collapse-item" aria-controls="quarto-sidebar" aria-expanded="false" aria-label="Toggle sidebar navigation" onclick="if (window.quartoToggleHeadroom) { window.quartoToggleHeadroom(); }">
        <i class="bi bi-layout-text-sidebar-reverse"></i>
      </button>
        <nav class="quarto-page-breadcrumbs" aria-label="breadcrumb"><ol class="breadcrumb"></ol></nav>
        <a class="flex-grow-1" role="button" data-bs-toggle="collapse" data-bs-target=".quarto-sidebar-collapse-item" aria-controls="quarto-sidebar" aria-expanded="false" aria-label="Toggle sidebar navigation" onclick="if (window.quartoToggleHeadroom) { window.quartoToggleHeadroom(); }">      
        </a>
    </div>
  </nav>
</header>
<!-- content -->
<div id="quarto-content" class="quarto-container page-columns page-rows-contents page-layout-article page-navbar">
<!-- sidebar -->
  <nav id="quarto-sidebar" class="sidebar collapse collapse-horizontal quarto-sidebar-collapse-item sidebar-navigation floating overflow-auto">
    <div class="sidebar-menu-container"> 
    <ul class="list-unstyled mt-1">
        <li class="sidebar-item">
  <div class="sidebar-item-container"> 
  <a href="./index.html" class="sidebar-item-text sidebar-link">
 <span class="menu-text">WhisperSpeech</span></a>
  </div>
</li>
        <li class="sidebar-item">
  <div class="sidebar-item-container"> 
  <a href="./dataset preparation.html" class="sidebar-item-text sidebar-link">
 <span class="menu-text">I can has speech? What data WhisperSpeech needs?</span></a>
  </div>
</li>
    </ul>
    </div>
</nav>
<div id="quarto-sidebar-glass" class="quarto-sidebar-collapse-item" data-bs-toggle="collapse" data-bs-target=".quarto-sidebar-collapse-item"></div>
<!-- margin-sidebar -->
    <div id="quarto-margin-sidebar" class="sidebar margin-sidebar">
        <nav id="TOC" role="doc-toc" class="toc-active">
    <h2 id="toc-title">On this page</h2>
   
  <ul>
  <li><a href="#precompute-whisper-transcriptions-for-vq-bottleneck-distilation" id="toc-precompute-whisper-transcriptions-for-vq-bottleneck-distilation" class="nav-link active" data-scroll-target="#precompute-whisper-transcriptions-for-vq-bottleneck-distilation">Precompute Whisper transcriptions for VQ bottleneck distilation</a></li>
  <li><a href="#batch-processing" id="toc-batch-processing" class="nav-link" data-scroll-target="#batch-processing">Batch processing</a></li>
  </ul>
<div class="toc-actions"><ul><li><a href="https://github.com/collabora/WhisperSpeech/issues/new" class="toc-action"><i class="bi bi-github"></i>Report an issue</a></li></ul></div></nav>
    </div>
<!-- main -->
<main class="content" id="quarto-document-content">




<!-- WARNING: THIS FILE WAS AUTOGENERATED! DO NOT EDIT! -->
<section id="precompute-whisper-transcriptions-for-vq-bottleneck-distilation" class="level2">
<h2 class="anchored" data-anchor-id="precompute-whisper-transcriptions-for-vq-bottleneck-distilation">Precompute Whisper transcriptions for VQ bottleneck distilation</h2>
<p>Doing transcription means sampling from the Whisper auto-regresive decoder. This is too slow to do for each training batch. Fortunately the trainscriptions are small text snippets so we can precompute them once for the whole dataset.</p>
<p>We use segments from Voice Activity Detection to reduce any boundary issues, the we use webdataset to yields multiple chunks from a FLAC file we only load once. The VAD segments are merged into longer chunks to make Whisper processing more efficent (it always processes 30s at a time)</p>
<p><strong>Usage:</strong></p>
<pre><code>python -m whisperspeech.extract_spk_emb librilight-large-wo6454-flac-000002.tar</code></pre>
<p>You can pass in either a URL or a local file name. Either way it will expect a <code>vad</code> file in the local directory. The result will go into a file in the current directory named after the source file but replacing <code>flac</code> with <code>txt</code>.</p>
</section>
<section id="batch-processing" class="level2">
<h2 class="anchored" data-anchor-id="batch-processing">Batch processing</h2>
<p>Let’s put everything above together.</p>
<div id="4355375d" class="cell">
<div class="sourceCode cell-code" id="cb2"><pre class="sourceCode python code-with-copy"><code class="sourceCode python"><span id="cb2-1"><a href="#cb2-1" aria-hidden="true" tabindex="-1"></a>dl <span class="op">=</span> chunked_dataset(<span class="st">'../cc-small/cc-mix-000000.tar'</span>, <span class="st">'mix'</span>)</span>
<span id="cb2-2"><a href="#cb2-2" aria-hidden="true" tabindex="-1"></a><span class="cf">for</span> keys, samples, seconds <span class="kw">in</span> dl: <span class="cf">break</span></span>
<span id="cb2-3"><a href="#cb2-3" aria-hidden="true" tabindex="-1"></a>keys, samples, seconds</span></code><button title="Copy to Clipboard" class="code-copy-button"><i class="bi"></i></button></pre></div>
<div class="cell-output cell-output-display">
<pre><code>(['cc/7 Sec Riddles/[-hIfETsPxPg] New TYPE Of Riddles： Can You Ace Our New Game？ ？_023',
  'cc/Bon Appetit/[jmntzm5yBYY] Melissa Makes Chicken Afritada ｜ From the Home Kitchen ｜ Bon Appétit_037',
  'cc/7 Sec Riddles/[-hIfETsPxPg] New TYPE Of Riddles： Can You Ace Our New Game？ ？_009',
  'cc/Bon Appetit/[jmntzm5yBYY] Melissa Makes Chicken Afritada ｜ From the Home Kitchen ｜ Bon Appétit_010',
  'cc/7 Sec Riddles/[-hIfETsPxPg] New TYPE Of Riddles： Can You Ace Our New Game？ ？_004',
  'cc/Bon Appetit/[jmntzm5yBYY] Melissa Makes Chicken Afritada ｜ From the Home Kitchen ｜ Bon Appétit_049',
  'cc/Bon Appetit/[jmntzm5yBYY] Melissa Makes Chicken Afritada ｜ From the Home Kitchen ｜ Bon Appétit_000',
  'cc/Bon Appetit/[jmntzm5yBYY] Melissa Makes Chicken Afritada ｜ From the Home Kitchen ｜ Bon Appétit_024',
  'cc/7 Sec Riddles/[-hIfETsPxPg] New TYPE Of Riddles： Can You Ace Our New Game？ ？_033',
  'cc/Bon Appetit/[jmntzm5yBYY] Melissa Makes Chicken Afritada ｜ From the Home Kitchen ｜ Bon Appétit_034',
  'cc/Bon Appetit/[jmntzm5yBYY] Melissa Makes Chicken Afritada ｜ From the Home Kitchen ｜ Bon Appétit_012',
  'cc/Bon Appetit/[jmntzm5yBYY] Melissa Makes Chicken Afritada ｜ From the Home Kitchen ｜ Bon Appétit_052',
  'cc/Bon Appetit/[jmntzm5yBYY] Melissa Makes Chicken Afritada ｜ From the Home Kitchen ｜ Bon Appétit_007',
  'cc/7 Sec Riddles/[-hIfETsPxPg] New TYPE Of Riddles： Can You Ace Our New Game？ ？_030',
  'cc/Bon Appetit/[jmntzm5yBYY] Melissa Makes Chicken Afritada ｜ From the Home Kitchen ｜ Bon Appétit_055',
  'cc/Bon Appetit/[jmntzm5yBYY] Melissa Makes Chicken Afritada ｜ From the Home Kitchen ｜ Bon Appétit_006'],
 tensor([[-0.0154, -0.0289, -0.0376,  ...,  0.0000,  0.0000,  0.0000],
         [-0.0035, -0.0058, -0.0082,  ...,  0.0000,  0.0000,  0.0000],
         [-0.0082, -0.0150, -0.0179,  ...,  0.0000,  0.0000,  0.0000],
         ...,
         [-0.0018,  0.0017,  0.0005,  ...,  0.0000,  0.0000,  0.0000],
         [ 0.0014,  0.0021,  0.0019,  ...,  0.0000,  0.0000,  0.0000],
         [ 0.0055,  0.0106,  0.0086,  ...,  0.0000,  0.0000,  0.0000]]),
 tensor([ 5.1536,  8.5666,  2.2867, 22.5939,  1.7406, 22.4744,  2.2355,  2.3549,
          2.0307, 18.0717,  6.4505,  2.1843,  1.6382,  5.5461,  2.6450, 29.1297]))</code></pre>
</div>
</div>
<div id="51f77cf5" class="cell">
<div class="sourceCode cell-code" id="cb4"><pre class="sourceCode python code-with-copy"><code class="sourceCode python"><span id="cb4-1"><a href="#cb4-1" aria-hidden="true" tabindex="-1"></a>classifier <span class="op">=</span> EncoderClassifier.from_hparams(<span class="st">"speechbrain/spkrec-ecapa-voxceleb"</span>,</span>
<span id="cb4-2"><a href="#cb4-2" aria-hidden="true" tabindex="-1"></a>                                            savedir<span class="op">=</span>os.path.expanduser(<span class="st">"~/.cache/speechbrain/"</span>),</span>
<span id="cb4-3"><a href="#cb4-3" aria-hidden="true" tabindex="-1"></a>                                            run_opts<span class="op">=</span>{<span class="st">"device"</span>: <span class="st">"cuda"</span>})</span></code><button title="Copy to Clipboard" class="code-copy-button"><i class="bi"></i></button></pre></div>
</div>
<div id="c66bfb64" class="cell">
<div class="sourceCode cell-code" id="cb5"><pre class="sourceCode python code-with-copy"><code class="sourceCode python"><span id="cb5-1"><a href="#cb5-1" aria-hidden="true" tabindex="-1"></a>embs <span class="op">=</span> F.normalize(classifier.encode_batch(samples, wav_lens<span class="op">=</span>seconds<span class="op">/</span><span class="dv">30</span>).squeeze(<span class="dv">1</span>), dim<span class="op">=-</span><span class="dv">1</span>)</span></code><button title="Copy to Clipboard" class="code-copy-button"><i class="bi"></i></button></pre></div>
</div>
<div id="d758e67f" class="cell">
<div class="sourceCode cell-code" id="cb6"><pre class="sourceCode python code-with-copy"><code class="sourceCode python"><span id="cb6-1"><a href="#cb6-1" aria-hidden="true" tabindex="-1"></a>embs  <span class="op">@</span> embs.T</span></code><button title="Copy to Clipboard" class="code-copy-button"><i class="bi"></i></button></pre></div>
<div class="cell-output cell-output-display">
<pre><code>tensor([[ 1.0000e+00, -1.5016e-01, -1.0663e-01,  7.4717e-01,  6.6663e-01,
          6.7088e-01,  7.3192e-01,  8.0751e-01, -1.4667e-01, -1.5538e-01,
          7.8594e-01, -1.7131e-01,  4.7389e-02,  3.8923e-01,  8.0528e-02,
          6.8884e-02],
        [-1.5016e-01,  1.0000e+00,  7.4450e-01, -7.8480e-02, -9.2287e-02,
         -4.8926e-02, -1.8269e-01, -1.2868e-01,  6.2437e-01,  7.6687e-01,
         -1.2109e-01,  5.7231e-01,  5.4483e-02, -1.3711e-02,  5.4225e-02,
          1.0608e-01],
        [-1.0663e-01,  7.4450e-01,  1.0000e+00, -9.6316e-02, -8.8784e-02,
         -3.4282e-02, -1.6323e-01, -1.2561e-01,  5.7611e-01,  7.6471e-01,
         -1.1900e-01,  5.1093e-01,  3.6564e-02,  2.1784e-03,  4.5240e-02,
          8.6847e-02],
        [ 7.4717e-01, -7.8480e-02, -9.6316e-02,  1.0000e+00,  6.9144e-01,
          7.3513e-01,  7.2880e-01,  7.7707e-01, -8.8781e-02, -8.2090e-02,
          7.7152e-01, -5.2820e-02,  7.3040e-02,  3.4047e-01,  9.3617e-02,
          1.1111e-01],
        [ 6.6663e-01, -9.2287e-02, -8.8784e-02,  6.9144e-01,  1.0000e+00,
          7.1832e-01,  6.3586e-01,  7.3829e-01, -7.3225e-02, -1.2791e-01,
          7.3249e-01, -4.8655e-04, -2.3932e-02,  3.5492e-01,  5.7829e-02,
          1.2558e-01],
        [ 6.7088e-01, -4.8926e-02, -3.4282e-02,  7.3513e-01,  7.1832e-01,
          1.0000e+00,  6.7989e-01,  7.1707e-01, -1.1102e-01, -3.2756e-02,
          7.0298e-01,  9.7910e-04,  3.2516e-02,  3.2002e-01,  9.5534e-02,
          1.2125e-01],
        [ 7.3192e-01, -1.8269e-01, -1.6323e-01,  7.2880e-01,  6.3586e-01,
          6.7989e-01,  1.0000e+00,  7.4862e-01, -1.4716e-01, -1.8850e-01,
          7.7709e-01, -1.4848e-01,  3.5645e-02,  3.9155e-01,  8.5304e-02,
          7.6598e-02],
        [ 8.0751e-01, -1.2868e-01, -1.2561e-01,  7.7707e-01,  7.3829e-01,
          7.1707e-01,  7.4862e-01,  1.0000e+00, -1.3192e-01, -9.4631e-02,
          8.1980e-01, -1.0383e-01, -1.2569e-02,  4.0366e-01,  1.3611e-02,
          7.2108e-02],
        [-1.4667e-01,  6.2437e-01,  5.7611e-01, -8.8781e-02, -7.3225e-02,
         -1.1102e-01, -1.4716e-01, -1.3192e-01,  1.0000e+00,  6.1238e-01,
         -7.4339e-02,  4.6340e-01, -3.2115e-02,  1.9445e-02, -2.3383e-03,
         -5.2721e-04],
        [-1.5538e-01,  7.6687e-01,  7.6471e-01, -8.2090e-02, -1.2791e-01,
         -3.2756e-02, -1.8850e-01, -9.4631e-02,  6.1238e-01,  1.0000e+00,
         -1.2142e-01,  5.6736e-01,  3.0472e-02, -2.1869e-02,  3.7176e-02,
          1.1145e-01],
        [ 7.8594e-01, -1.2109e-01, -1.1900e-01,  7.7152e-01,  7.3249e-01,
          7.0298e-01,  7.7709e-01,  8.1980e-01, -7.4339e-02, -1.2142e-01,
          1.0000e+00, -4.7116e-02,  3.0283e-02,  3.6122e-01,  3.7660e-02,
          1.3460e-01],
        [-1.7131e-01,  5.7231e-01,  5.1093e-01, -5.2820e-02, -4.8655e-04,
          9.7910e-04, -1.4848e-01, -1.0383e-01,  4.6340e-01,  5.6736e-01,
         -4.7116e-02,  1.0000e+00,  1.2047e-01,  1.8673e-02,  1.4013e-01,
          1.9592e-01],
        [ 4.7389e-02,  5.4483e-02,  3.6564e-02,  7.3040e-02, -2.3932e-02,
          3.2516e-02,  3.5645e-02, -1.2569e-02, -3.2115e-02,  3.0472e-02,
          3.0283e-02,  1.2047e-01,  1.0000e+00, -2.5141e-02,  8.7659e-01,
          6.1994e-01],
        [ 3.8923e-01, -1.3711e-02,  2.1784e-03,  3.4047e-01,  3.5492e-01,
          3.2002e-01,  3.9155e-01,  4.0366e-01,  1.9445e-02, -2.1869e-02,
          3.6122e-01,  1.8673e-02, -2.5141e-02,  1.0000e+00,  2.9265e-04,
          2.0769e-02],
        [ 8.0528e-02,  5.4225e-02,  4.5240e-02,  9.3617e-02,  5.7829e-02,
          9.5534e-02,  8.5304e-02,  1.3611e-02, -2.3383e-03,  3.7176e-02,
          3.7660e-02,  1.4013e-01,  8.7659e-01,  2.9265e-04,  1.0000e+00,
          6.3008e-01],
        [ 6.8884e-02,  1.0608e-01,  8.6847e-02,  1.1111e-01,  1.2558e-01,
          1.2125e-01,  7.6598e-02,  7.2108e-02, -5.2721e-04,  1.1145e-01,
          1.3460e-01,  1.9592e-01,  6.1994e-01,  2.0769e-02,  6.3008e-01,
          1.0000e+00]], device='cuda:0')</code></pre>
</div>
</div>
<div id="54f3c726" class="cell">
<div class="sourceCode cell-code" id="cb8"><pre class="sourceCode python code-with-copy"><code class="sourceCode python"><span id="cb8-1"><a href="#cb8-1" aria-hidden="true" tabindex="-1"></a>seconds</span></code><button title="Copy to Clipboard" class="code-copy-button"><i class="bi"></i></button></pre></div>
<div class="cell-output cell-output-display">
<pre><code>tensor([ 4.9147, 14.5051,  8.8225,  9.8293,  4.2150,  3.1399,  5.1536,  5.5290,
         4.9317, 12.8499,  7.5085,  2.3379, 17.1672,  1.2287, 29.0785,  3.2935])</code></pre>
</div>
</div>
<div id="acc5ab8a" class="cell">
<div class="sourceCode cell-code" id="cb10"><pre class="sourceCode python code-with-copy"><code class="sourceCode python"><span id="cb10-1"><a href="#cb10-1" aria-hidden="true" tabindex="-1"></a>((embs.unsqueeze(<span class="dv">1</span>) <span class="op">-</span> embs.unsqueeze(<span class="dv">0</span>))<span class="op">**</span><span class="dv">2</span>).<span class="bu">sum</span>(<span class="op">-</span><span class="dv">1</span>)</span></code><button title="Copy to Clipboard" class="code-copy-button"><i class="bi"></i></button></pre></div>
<div class="cell-output cell-output-display">
<pre><code>tensor([[0.0000, 2.3003, 2.2133, 0.5057, 0.6667, 0.6582, 0.5362, 0.3850, 2.2933,
         2.3108, 0.4281, 2.3426, 1.9052, 1.2215, 1.8389, 1.8622],
        [2.3003, 0.0000, 0.5110, 2.1570, 2.1846, 2.0979, 2.3654, 2.2574, 0.7513,
         0.4663, 2.2422, 0.8554, 1.8910, 2.0274, 1.8916, 1.7878],
        [2.2133, 0.5110, 0.0000, 2.1926, 2.1776, 2.0686, 2.3265, 2.2512, 0.8478,
         0.4706, 2.2380, 0.9781, 1.9269, 1.9956, 1.9095, 1.8263],
        [0.5057, 2.1570, 2.1926, 0.0000, 0.6171, 0.5297, 0.5424, 0.4459, 2.1776,
         2.1642, 0.4570, 2.1056, 1.8539, 1.3191, 1.8128, 1.7778],
        [0.6667, 2.1846, 2.1776, 0.6171, 0.0000, 0.5634, 0.7283, 0.5234, 2.1465,
         2.2558, 0.5350, 2.0010, 2.0479, 1.2902, 1.8843, 1.7488],
        [0.6582, 2.0979, 2.0686, 0.5297, 0.5634, 0.0000, 0.6402, 0.5659, 2.2220,
         2.0655, 0.5940, 1.9980, 1.9350, 1.3600, 1.8089, 1.7575],
        [0.5362, 2.3654, 2.3265, 0.5424, 0.7283, 0.6402, 0.0000, 0.5028, 2.2943,
         2.3770, 0.4458, 2.2970, 1.9287, 1.2169, 1.8294, 1.8468],
        [0.3850, 2.2574, 2.2512, 0.4459, 0.5234, 0.5659, 0.5028, 0.0000, 2.2638,
         2.1893, 0.3604, 2.2077, 2.0251, 1.1927, 1.9728, 1.8558],
        [2.2933, 0.7513, 0.8478, 2.1776, 2.1465, 2.2220, 2.2943, 2.2638, 0.0000,
         0.7752, 2.1487, 1.0732, 2.0642, 1.9611, 2.0047, 2.0011],
        [2.3108, 0.4663, 0.4706, 2.1642, 2.2558, 2.0655, 2.3770, 2.1893, 0.7752,
         0.0000, 2.2428, 0.8653, 1.9391, 2.0437, 1.9256, 1.7771],
        [0.4281, 2.2422, 2.2380, 0.4570, 0.5350, 0.5940, 0.4458, 0.3604, 2.1487,
         2.2428, 0.0000, 2.0942, 1.9394, 1.2776, 1.9247, 1.7308],
        [2.3426, 0.8554, 0.9781, 2.1056, 2.0010, 1.9980, 2.2970, 2.2077, 1.0732,
         0.8653, 2.0942, 0.0000, 1.7591, 1.9627, 1.7197, 1.6082],
        [1.9052, 1.8910, 1.9269, 1.8539, 2.0479, 1.9350, 1.9287, 2.0251, 2.0642,
         1.9391, 1.9394, 1.7591, 0.0000, 2.0503, 0.2468, 0.7601],
        [1.2215, 2.0274, 1.9956, 1.3191, 1.2902, 1.3600, 1.2169, 1.1927, 1.9611,
         2.0437, 1.2776, 1.9627, 2.0503, 0.0000, 1.9994, 1.9585],
        [1.8389, 1.8916, 1.9095, 1.8128, 1.8843, 1.8089, 1.8294, 1.9728, 2.0047,
         1.9256, 1.9247, 1.7197, 0.2468, 1.9994, 0.0000, 0.7398],
        [1.8622, 1.7878, 1.8263, 1.7778, 1.7488, 1.7575, 1.8468, 1.8558, 2.0011,
         1.7771, 1.7308, 1.6082, 0.7601, 1.9585, 0.7398, 0.0000]],
       device='cuda:0')</code></pre>
</div>
</div>
<div id="9a2cf9a0" class="cell">
<div class="sourceCode cell-code" id="cb12"><pre class="sourceCode python code-with-copy"><code class="sourceCode python"><span id="cb12-1"><a href="#cb12-1" aria-hidden="true" tabindex="-1"></a>plt.imshow(((embs.unsqueeze(<span class="dv">1</span>) <span class="op">-</span> embs.unsqueeze(<span class="dv">0</span>))<span class="op">**</span><span class="dv">2</span>).<span class="bu">sum</span>(<span class="op">-</span><span class="dv">1</span>).cpu())</span></code><button title="Copy to Clipboard" class="code-copy-button"><i class="bi"></i></button></pre></div>
<div class="cell-output cell-output-display">
<div>
<figure class="figure">
<p><img src="2A. Speaker Embeddings_files/figure-html/cell-9-output-1.png" class="img-fluid figure-img"></p>
</figure>
</div>
</div>
</div>


</section>

</main> <!-- /main -->
<script id="quarto-html-after-body" type="application/javascript">
window.document.addEventListener("DOMContentLoaded", function (event) {
  const toggleBodyColorMode = (bsSheetEl) => {
    const mode = bsSheetEl.getAttribute("data-mode");
    const bodyEl = window.document.querySelector("body");
    if (mode === "dark") {
      bodyEl.classList.add("quarto-dark");
      bodyEl.classList.remove("quarto-light");
    } else {
      bodyEl.classList.add("quarto-light");
      bodyEl.classList.remove("quarto-dark");
    }
  }
  const toggleBodyColorPrimary = () => {
    const bsSheetEl = window.document.querySelector("link#quarto-bootstrap");
    if (bsSheetEl) {
      toggleBodyColorMode(bsSheetEl);
    }
  }
  toggleBodyColorPrimary();  
  const icon = "";
  const anchorJS = new window.AnchorJS();
  anchorJS.options = {
    placement: 'right',
    icon: icon
  };
  anchorJS.add('.anchored');
  const isCodeAnnotation = (el) => {
    for (const clz of el.classList) {
      if (clz.startsWith('code-annotation-')) {                     
        return true;
      }
    }
    return false;
  }
  const clipboard = new window.ClipboardJS('.code-copy-button', {
    text: function(trigger) {
      const codeEl = trigger.previousElementSibling.cloneNode(true);
      for (const childEl of codeEl.children) {
        if (isCodeAnnotation(childEl)) {
          childEl.remove();
        }
      }
      return codeEl.innerText;
    }
  });
  clipboard.on('success', function(e) {
    // button target
    const button = e.trigger;
    // don't keep focus
    button.blur();
    // flash "checked"
    button.classList.add('code-copy-button-checked');
    var currentTitle = button.getAttribute("title");
    button.setAttribute("title", "Copied!");
    let tooltip;
    if (window.bootstrap) {
      button.setAttribute("data-bs-toggle", "tooltip");
      button.setAttribute("data-bs-placement", "left");
      button.setAttribute("data-bs-title", "Copied!");
      tooltip = new bootstrap.Tooltip(button, 
        { trigger: "manual", 
          customClass: "code-copy-button-tooltip",
          offset: [0, -8]});
      tooltip.show();    
    }
    setTimeout(function() {
      if (tooltip) {
        tooltip.hide();
        button.removeAttribute("data-bs-title");
        button.removeAttribute("data-bs-toggle");
        button.removeAttribute("data-bs-placement");
      }
      button.setAttribute("title", currentTitle);
      button.classList.remove('code-copy-button-checked');
    }, 1000);
    // clear code selection
    e.clearSelection();
  });
    var localhostRegex = new RegExp(/^(?:http|https):\/\/localhost\:?[0-9]*\//);
    var mailtoRegex = new RegExp(/^mailto:/);
      var filterRegex = new RegExp("https:\/\/collabora\.github\.io\/WhisperSpeech");
    var isInternal = (href) => {
        return filterRegex.test(href) || localhostRegex.test(href) || mailtoRegex.test(href);
    }
    // Inspect non-navigation links and adorn them if external
 	var links = window.document.querySelectorAll('a[href]:not(.nav-link):not(.navbar-brand):not(.toc-action):not(.sidebar-link):not(.sidebar-item-toggle):not(.pagination-link):not(.no-external):not([aria-hidden]):not(.dropdown-item):not(.quarto-navigation-tool)');
    for (var i=0; i<links.length; i++) {
      const link = links[i];
      if (!isInternal(link.href)) {
        // undo the damage that might have been done by quarto-nav.js in the case of
        // links that we want to consider external
        if (link.dataset.originalHref !== undefined) {
          link.href = link.dataset.originalHref;
        }
      }
    }
  function tippyHover(el, contentFn, onTriggerFn, onUntriggerFn) {
    const config = {
      allowHTML: true,
      maxWidth: 500,
      delay: 100,
      arrow: false,
      appendTo: function(el) {
          return el.parentElement;
      },
      interactive: true,
      interactiveBorder: 10,
      theme: 'quarto',
      placement: 'bottom-start',
    };
    if (contentFn) {
      config.content = contentFn;
    }
    if (onTriggerFn) {
      config.onTrigger = onTriggerFn;
    }
    if (onUntriggerFn) {
      config.onUntrigger = onUntriggerFn;
    }
    window.tippy(el, config); 
  }
  const noterefs = window.document.querySelectorAll('a[role="doc-noteref"]');
  for (var i=0; i<noterefs.length; i++) {
    const ref = noterefs[i];
    tippyHover(ref, function() {
      // use id or data attribute instead here
      let href = ref.getAttribute('data-footnote-href') || ref.getAttribute('href');
      try { href = new URL(href).hash; } catch {}
      const id = href.replace(/^#\/?/, "");
      const note = window.document.getElementById(id);
      if (note) {
        return note.innerHTML;
      } else {
        return "";
      }
    });
  }
  const xrefs = window.document.querySelectorAll('a.quarto-xref');
  const processXRef = (id, note) => {
    // Strip column container classes
    const stripColumnClz = (el) => {
      el.classList.remove("page-full", "page-columns");
      if (el.children) {
        for (const child of el.children) {
          stripColumnClz(child);
        }
      }
    }
    stripColumnClz(note)
    if (id === null || id.startsWith('sec-')) {
      // Special case sections, only their first couple elements
      const container = document.createElement("div");
      if (note.children && note.children.length > 2) {
        container.appendChild(note.children[0].cloneNode(true));
        for (let i = 1; i < note.children.length; i++) {
          const child = note.children[i];
          if (child.tagName === "P" && child.innerText === "") {
            continue;
          } else {
            container.appendChild(child.cloneNode(true));
            break;
          }
        }
        if (window.Quarto?.typesetMath) {
          window.Quarto.typesetMath(container);
        }
        return container.innerHTML
      } else {
        if (window.Quarto?.typesetMath) {
          window.Quarto.typesetMath(note);
        }
        return note.innerHTML;
      }
    } else {
      // Remove any anchor links if they are present
      const anchorLink = note.querySelector('a.anchorjs-link');
      if (anchorLink) {
        anchorLink.remove();
      }
      if (window.Quarto?.typesetMath) {
        window.Quarto.typesetMath(note);
      }
      // TODO in 1.5, we should make sure this works without a callout special case
      if (note.classList.contains("callout")) {
        return note.outerHTML;
      } else {
        return note.innerHTML;
      }
    }
  }
  for (var i=0; i<xrefs.length; i++) {
    const xref = xrefs[i];
    tippyHover(xref, undefined, function(instance) {
      instance.disable();
      let url = xref.getAttribute('href');
      let hash = undefined; 
      if (url.startsWith('#')) {
        hash = url;
      } else {
        try { hash = new URL(url).hash; } catch {}
      }
      if (hash) {
        const id = hash.replace(/^#\/?/, "");
        const note = window.document.getElementById(id);
        if (note !== null) {
          try {
            const html = processXRef(id, note.cloneNode(true));
            instance.setContent(html);
          } finally {
            instance.enable();
            instance.show();
          }
        } else {
          // See if we can fetch this
          fetch(url.split('#')[0])
          .then(res => res.text())
          .then(html => {
            const parser = new DOMParser();
            const htmlDoc = parser.parseFromString(html, "text/html");
            const note = htmlDoc.getElementById(id);
            if (note !== null) {
              const html = processXRef(id, note);
              instance.setContent(html);
            } 
          }).finally(() => {
            instance.enable();
            instance.show();
          });
        }
      } else {
        // See if we can fetch a full url (with no hash to target)
        // This is a special case and we should probably do some content thinning / targeting
        fetch(url)
        .then(res => res.text())
        .then(html => {
          const parser = new DOMParser();
          const htmlDoc = parser.parseFromString(html, "text/html");
          const note = htmlDoc.querySelector('main.content');
          if (note !== null) {
            // This should only happen for chapter cross references
            // (since there is no id in the URL)
            // remove the first header
            if (note.children.length > 0 && note.children[0].tagName === "HEADER") {
              note.children[0].remove();
            }
            const html = processXRef(null, note);
            instance.setContent(html);
          } 
        }).finally(() => {
          instance.enable();
          instance.show();
        });
      }
    }, function(instance) {
    });
  }
      let selectedAnnoteEl;
      const selectorForAnnotation = ( cell, annotation) => {
        let cellAttr = 'data-code-cell="' + cell + '"';
        let lineAttr = 'data-code-annotation="' +  annotation + '"';
        const selector = 'span[' + cellAttr + '][' + lineAttr + ']';
        return selector;
      }
      const selectCodeLines = (annoteEl) => {
        const doc = window.document;
        const targetCell = annoteEl.getAttribute("data-target-cell");
        const targetAnnotation = annoteEl.getAttribute("data-target-annotation");
        const annoteSpan = window.document.querySelector(selectorForAnnotation(targetCell, targetAnnotation));
        const lines = annoteSpan.getAttribute("data-code-lines").split(",");
        const lineIds = lines.map((line) => {
          return targetCell + "-" + line;
        })
        let top = null;
        let height = null;
        let parent = null;
        if (lineIds.length > 0) {
            //compute the position of the single el (top and bottom and make a div)
            const el = window.document.getElementById(lineIds[0]);
            top = el.offsetTop;
            height = el.offsetHeight;
            parent = el.parentElement.parentElement;
          if (lineIds.length > 1) {
            const lastEl = window.document.getElementById(lineIds[lineIds.length - 1]);
            const bottom = lastEl.offsetTop + lastEl.offsetHeight;
            height = bottom - top;
          }
          if (top !== null && height !== null && parent !== null) {
            // cook up a div (if necessary) and position it 
            let div = window.document.getElementById("code-annotation-line-highlight");
            if (div === null) {
              div = window.document.createElement("div");
              div.setAttribute("id", "code-annotation-line-highlight");
              div.style.position = 'absolute';
              parent.appendChild(div);
            }
            div.style.top = top - 2 + "px";
            div.style.height = height + 4 + "px";
            div.style.left = 0;
            let gutterDiv = window.document.getElementById("code-annotation-line-highlight-gutter");
            if (gutterDiv === null) {
              gutterDiv = window.document.createElement("div");
              gutterDiv.setAttribute("id", "code-annotation-line-highlight-gutter");
              gutterDiv.style.position = 'absolute';
              const codeCell = window.document.getElementById(targetCell);
              const gutter = codeCell.querySelector('.code-annotation-gutter');
              gutter.appendChild(gutterDiv);
            }
            gutterDiv.style.top = top - 2 + "px";
            gutterDiv.style.height = height + 4 + "px";
          }
          selectedAnnoteEl = annoteEl;
        }
      };
      const unselectCodeLines = () => {
        const elementsIds = ["code-annotation-line-highlight", "code-annotation-line-highlight-gutter"];
        elementsIds.forEach((elId) => {
          const div = window.document.getElementById(elId);
          if (div) {
            div.remove();
          }
        });
        selectedAnnoteEl = undefined;
      };
        // Handle positioning of the toggle
    window.addEventListener(
      "resize",
      throttle(() => {
        elRect = undefined;
        if (selectedAnnoteEl) {
          selectCodeLines(selectedAnnoteEl);
        }
      }, 10)
    );
    function throttle(fn, ms) {
    let throttle = false;
    let timer;
      return (...args) => {
        if(!throttle) { // first call gets through
            fn.apply(this, args);
            throttle = true;
        } else { // all the others get throttled
            if(timer) clearTimeout(timer); // cancel #2
            timer = setTimeout(() => {
              fn.apply(this, args);
              timer = throttle = false;
            }, ms);
        }
      };
    }
      // Attach click handler to the DT
      const annoteDls = window.document.querySelectorAll('dt[data-target-cell]');
      for (const annoteDlNode of annoteDls) {
        annoteDlNode.addEventListener('click', (event) => {
          const clickedEl = event.target;
          if (clickedEl !== selectedAnnoteEl) {
            unselectCodeLines();
            const activeEl = window.document.querySelector('dt[data-target-cell].code-annotation-active');
            if (activeEl) {
              activeEl.classList.remove('code-annotation-active');
            }
            selectCodeLines(clickedEl);
            clickedEl.classList.add('code-annotation-active');
          } else {
            // Unselect the line
            unselectCodeLines();
            clickedEl.classList.remove('code-annotation-active');
          }
        });
      }
  const findCites = (el) => {
    const parentEl = el.parentElement;
    if (parentEl) {
      const cites = parentEl.dataset.cites;
      if (cites) {
        return {
          el,
          cites: cites.split(' ')
        };
      } else {
        return findCites(el.parentElement)
      }
    } else {
      return undefined;
    }
  };
  var bibliorefs = window.document.querySelectorAll('a[role="doc-biblioref"]');
  for (var i=0; i<bibliorefs.length; i++) {
    const ref = bibliorefs[i];
    const citeInfo = findCites(ref);
    if (citeInfo) {
      tippyHover(citeInfo.el, function() {
        var popup = window.document.createElement('div');
        citeInfo.cites.forEach(function(cite) {
          var citeDiv = window.document.createElement('div');
          citeDiv.classList.add('hanging-indent');
          citeDiv.classList.add('csl-entry');
          var biblioDiv = window.document.getElementById('ref-' + cite);
          if (biblioDiv) {
            citeDiv.innerHTML = biblioDiv.innerHTML;
          }
          popup.appendChild(citeDiv);
        });
        return popup.innerHTML;
      });
    }
  }
});
</script>
</div> <!-- /content -->




<footer class="footer"><div class="nav-footer"><div class="nav-footer-center"><div class="toc-actions d-sm-block d-md-none"><ul><li><a href="https://github.com/collabora/WhisperSpeech/issues/new" class="toc-action"><i class="bi bi-github"></i>Report an issue</a></li></ul></div></div></div></footer></body></html>